42
46
50
55
60
66
70
75
80
86
91
94
98
101
105
108
112
116
120
124
129
132
134
137
140
143
146
149
152
155
158
161
164
166
169
172
175
177
180
183
186
189
191
194
197
200
202
205
208
211
214
216
219
222
225
228
231
234
237
240
243
246
250
253
256
259
262
265
268
272
275
279
283
287
291
295
299
303
308
312
316
321
325
330
334
339
344
348
353
358
363
369
375
381
387
394
400
406
413
420
427
434
441
448
455
462
470
478
485
493
501
511
520
530
540
550
560
570
581
592
603
615
628
641
655
668
682
697
711
726
741
755
769
783
798
813
828
843
859
875
891
912
933
955
977
1000
1000.01