126
130
134
139
143
148
153
158
163
168
174
178
182
186
191
195
200
204
209
214
219
222
225
228
231
234
238
241
244
248
251
255
258
262
265
269
273
277
281
284
288
292
296
301
305
309
313
318
322
327
331
335
339
343
347
351
355
359
363
367
372
377
382
387
393
398
404
409
415
421
427
434
441
448
455
462
470
478
485
493
501
509
518
526
535
543
552
561
570
579
589
597
605
614
622
631
640
649
658
667
676
685
695
705
714
724
735
745
755
766
776
787
798
809
820
832
843
855
867
879
891
902
912
923
933
944
955
966
978
989
1000
1000.01